508.29343982133724
436.83164695404196
570.1977961834027
904.3250105879583
812.7963306346735
997.8784208488461
301.81261652950997
613.06004687828
316.4983335930219
660.3976359080056
26.432982085571986
924.8338464107821
457.35475503400414
617.1341083312008
766.0746369073056
211.23080900479252
168.4196212088077
360.9310762936031
764.1018790641999
769.3374627533965
237.02284163802312
784.5943705217464
576.0156320674558
833.8579974275942
722.292245442767
88.7775232499699
552.1316499157367
781.6994035157473
251.42464280184694
864.1105783918534
204.21012562948815
383.6129475973938
130.35270508782304
394.29682128297804
375.35084426789035
879.2685670242213
841.6376180343548
464.2285528552843
918.6824298699682
557.5711102740456
499.59229190223255
167.96544228952405
169.52265842274704
780.1089221242678
427.34132766432265
496.50143590169847
250.7675307321944
144.41895283781304
617.3567907886564
953.409058772151
568.7549849791126
492.28167788377175
668.2925125535636
27.41471884804114
156.59029055211138
867.3848272631152
828.4435346528561
619.0009600288041
651.1253188341962
532.7522072113566
712.1350960812715
988.8154165994862
854.4280727359338
964.9538857440791
481.22408033554086
807.1915432602428
377.96895208057504
843.3072138268562
951.9356340633632
783.8482259253165
990.6048962864602
278.2084463614106
516.6596974509017
345.2634064902298
808.2220379536518
879.7811957686068
218.52031236293502
472.32595403644603
70.82063431225517
267.5495759477459
785.5770640086313
411.2919329641512
853.4517623736646
29.42664812433271
675.8215316649497
302.8891854026807
255.08934954284535
176.94643147083477
673.5704616765175
851.1034994050859
391.04531791146815
828.331223003957
938.0976976634013
854.0091390697155
712.317742773536
61.5726239879566
473.59363919977426
331.251431439187
502.9165718083863
187.28723036152707
